10,213
10,233
10,247
10,199
10,313
10,161
8,8
8,9
8,18
8,7
8,17
8,16
8,1
8,4
8,2
8,3
20,3
20,2
20,1
19,3
19,2
19,1
12,3
12,2
12,1
11,29
11,28
11,27
11,26
11,25
11,24
11,23
11,22
11,21
11,20
11,19
11,18
11,17
11,16
11,15
11,14
11,13
11,12
11,11
11,10
11,9
11,8
11,7
11,6
11,5
11,4
11,3
11,2
11,1
11,0
10,254
10,204
10,184
10,134
10,95
10,94
10,93
10,92
10,91
10,90
10,89
10,88
10,87
10,86
10,85
10,84
10,83
10,82
10,81
10,80
10,79
10,78
10,77
10,76
10,75
10,74
10,73
10,72
10,71
10,70
10,69
10,68
10,67
10,66
10,65
10,64
10,35
10,34
18,1
10,33
18,3
10,32
10,31
10,30
10,29
10,28
10,27
10,26
14,1
10,25
14,3
10,24
10,23
13,1
10,22
13,3
10,21
10,20
10,19
10,18
10,17
10,16
10,15
10,14
10,13
